$ANSIBLE_VAULT;1.1;AES256
34316537386563336637363062373936656638643335386430663239336237326133363435393537
3437633233353830333039353739653964636566646465630a356535386162633031636365623631
63613238623937333431666166313866316638353964356335356666346436326137636365393332
6533393063613564640a376365363435376366636361313763366531303861636661373936343635
63376638623933306134663764316564353736636535646536646132626638616430663730326263
34636564396230666138666363363461663432323736613236656666623832656161613133623730
64633133363236353836393237396634613736636630303666343236623430323632353539663363
30653432313234366461623533386261386463393764363562616337366336373961313336343533
36623332323464666336616539616666633034373933373530326661333332643734383566666531
66373962346237653937663831373532636262626239653936316634643634346432366535363537
63653439353437633131383762313436636663393333316533323938373733666239363737656565
37383466313634366430363238656563333634393164616262343461656533613230303537626463
32346162353062613632316463353561333463623866306237383163356433356132643532643330
61333133326538386166653530383832313137383231353362613037396238316139373666303234
38633662343239343966623961303230353762323134313362373363363838323931656365366638
34313031306435376235636632613736326233323134623030646438343863623539663864653864
34313538343035313831306365363231303434336463653734343165623864666435316339313334
39663039353061393061626137623635623334323630366539646234393036353330393264613135
65343165376235313732333132383664396437346635626232663430326364336336333231633538
32623262653564383665303664663962666136353737646537323030303633633261376639333961
3637
