$ANSIBLE_VAULT;1.1;AES256
31613434646137376231333366633837313866353332393736616535333835373964323163393937
6434613638623664623839346534666238373839333463650a623235626466303234613433623035
34346333313734316265616561373335323538623061303332386565383034646531326566353163
3864343035333839380a623733303965303039366635346164393130373266613837396234333363
32663030356638343034396166333339613938303363316637663430653564313631633231363437
66616330306533633037613964383733396162636265323138393863363431393439326137333837
35343030363639636365623566343661333835613238333464613035663831646165363962393463
37653033373035313963613039353331336264323061373434346639646535373266616537613134
34363464653466336630633638633262656565306561646166363363373466373563613137363932
65343164386638616133613830613363333762333130306633656365343661396464383635333135
62343132396433616165643436326463326462343938623633623531653166306232316230373338
39383635646161376438386161306332636637663536663030666464363038636462663237626164
36363832383162376466396332316331656639393432363539613438323239393634303435366135
33613938383363636163326535326562303761616332613534316365313032316531643631656361
65633566636331353233666234393330663139663837653238363266623065346430616232326139
35653930326337643931626439626362343331623538343061373434336230643062323833313933
61343431653464333137626432663564386266303064316663383262653334326261613363313265
32663164333766623637333563316439313964303136643639643132303031313463343532353339
33626534623965653135666664386663336335383536616362306362313165333433633432623138
62633964356364353531636331353735333730396630383638646362306566366338613538373138
31616665633238313166366566373935336539393034643039653836306366313661
